
strategic_region={
	id=1
	name="STRATEGICREGION_1"
	provinces={
		19 232 321 393 438 486 535 558 765 809 812 892 923 1162 1229 1273 1282 1404 1540 1550 1592 1594 1626 1691 1720 1747 1787 1926 1927 1929 1952 1988 2079 2081 2232 2238 2307 2310 2361 2399 2412 2414 2462 2464 2494 2517 2524 2547 2553 2603 2645 2648 2665 2680 2709 2755 2793 2797 2804 2870 2871 2891 2898 2905 2930 2935 3011 3063 3065 3109 3134 4186 4188 4194 4197 4199 4201 4202 4208 4218 4220 4230 4231 4233 4240 4241 4243 4248 4253 4254 4255 4260 4261 4262 4267 4268 4269 4272 4273 4280 4284 4293 4296 4301 4302 4308 4312 4313 4315 4316 4322 4324 4325 4330 4331 4332 4337 4339 4340 4341 4342 4346 4351 4352 4354 4355 4357 4358 4359 4361 4363 4366 4370 4374 4375 4378 4379 4390 4391 4398 4425 8769 8771 8776 
	}
	weather={
	}
}
