
strategic_region={
	id=25
	name="STRATEGICREGION_25"
	provinces={
		26 29 36 39 41 42 49 55 62 72 75 79 81 90 106 111 115 118 146 149 173 184 200 205 207 215 216 238 241 246 311 312 322 328 330 337 340 348 350 356 357 358 364 366 382 384 400 402 415 419 420 480 481 488 514 536 552 554 572 576 582 603 625 657 664 666 682 691 692 696 725 728 731 736 768 778 805 811 827 845 866 884 900 911 924 927 933 934 935 942 953 963 998 1009 1012 1021 1039 1053 1061 1077 1088 1091 1093 1096 1109 1125 1129 1149 1150 1151 1170 1175 1184 1185 1197 1213 1222 1254 1258 1274 1275 1283 1302 1323 1334 1376 1377 1416 1459 1461 1468 1477 1494 1500 1505 1527 1532 1536 1549 1557 1569 1591 1605 1612 1619 1623 1635 1653 1661 1685 1723 1730 1740 1760 1788 1830 1845 1863 1875 1878 1880 1885 1888 1895 1901 1921 1934 1938 1956 1958 1961 1965 1966 1976 1979 1997 1998 1999 2012 2020 2028 2031 2034 2038 2050 2052 2075 2100 2118 2120 2133 2143 2146 2148 2163 2192 2206 2209 2229 2234 2240 2269 2274 2280 2284 2303 2318 2324 2341 2352 2377 2416 2419 2425 2431 2454 2459 2470 2492 2495 2498 2500 2502 2512 2513 2515 2520 2527 2545 2566 2567 2568 2587 2589 2602 2626 2642 2653 2681 2695 2706 2717 2721 2729 2752 2790 2801 2809 2816 2827 2847 2849 2878 2879 2883 2895 2901 2906 2909 2910 2919 2932 2973 2981 3033 3054 3057 3088 3133 4154 4155 4170 4173 4180 4185 4207 4214 4217 4222 4225 4238 4239 4252 4264 4265 4277 4288 4305 4317 4318 4334 4344 4350 4353 4367 4377 4380 4382 4383 4385 4386 4388 4392 4393 4395 4397 4401 4412 4417 4418 4420 4421 4424 4427 4429 4430 4431 4433 4434 4435 4439 4440 4444 4445 4446 4447 4449 4453 4455 4456 4457 4462 4463 4468 4470 4471 4472 4477 4478 4480 4482 4484 4486 4487 4488 4490 4492 4493 4496 4497 4500 4501 4503 4506 4507 4511 4512 4513 4515 4519 4521 4522 4523 4524 4525 4528 4529 4532 4533 4550 4553 4554 4556 4559 4562 4569 4570 4573 4574 4578 4580 4585 4592 4594 4598 4599 4603 4611 4613 4616 4617 4618 4622 4624 4632 4641 4650 4654 4661 4664 4665 4666 4676 4677 4679 4690 4694 4695 4706 4707 4719 4723 4724 4725 4731 4735 4737 4739 4748 4751 4752 4753 4755 4758 4759 4760 4762 4764 4769 4770 4771 4772 4774 4775 4777 4778 4780 4781 4784 4785 4787 4788 4789 4791 4792 4795 4796 4797 8599 8726 8727 8728 8729 8730 8731 8732 8733 8734 8735 8736 8737 8738 8739 8742 8743 8744 8745 8749 8751 8752 8753 8758 8762 8765 8767 8768 8770 8773 8774 8775 8777 8778 8779 8780 8781 8782 8783 8784 8785 8786 8787 8788 8789 8790 8791 8792 8793 8794 8795 8796 8797 8798 8824 8825 
	}
	weather={
	}
}
