1 6 728 845 4180 2038 1477 2527 
1 7 2527 1569 364 4217 2883 4222 8774 
1 3 8774 8786 8779 
1 14 4340 8800 8802 3134 809 8803 8804 8805 4272 4253 4230 2238 8826 2232 
1 5 4230 3065 4241 1929 2804 
1 3 4272 4262 2524 
1 5 4264 2752 4252 4238 8773 
1 3 8773 8786 8779 
1 4 8824 8765 1494 4264 
1 5 8824 4318 4317 8823 8755 
1 4 4317 1197 8788 2118 
1 5 8823 4306 4289 8768 880 
1 5 2524 2307 3036 8764 8823 
1 3 8768 8770 2118 
1 3 4240 4243 2524 
1 3 4243 8776 2111 
1 4 4188 1926 4208 2111 
1 2 2111 4176 
1 3 8814 1952 4176 
1 2 4176 2411 
1 3 8812 4181 2411 
1 2 8812 1958 
1 3 4175 4173 1958 
1 4 8781 4185 1619 4173 
1 2 4173 4155 
1 2 8779 8778 
1 2 1958 4214 
1 4 4214 2602 1740 8778 
1 3 4214 4225 1170 
1 2 2118 8825 
1 3 2118 4264 1170 
1 3 8768 4265 2143 
1 3 2143 8825 1170 
1 3 2143 8806 880 
1 3 8806 1005 8812 
1 3 8806 8810 2111 
1 5 2524 4266 4278 8768 880 
1 2 880 4278 
1 3 8800 8801 2935 
1 7 2935 4324 4315 4329 2978 8759 8757 
1 2 8757 8756 
1 2 4340 4348 
1 2 8758 8755 
1 9 8758 8753 8743 8746 8740 4353 8737 8734 8729 
1 4 366 1053 90 4664 
1 2 4664 1093 
1 2 8735 8737 
1 3 205 4344 8743 
1 6 1661 8728 8732 8736 2545 205 
1 9 2269 2352 1532 1129 4521 4525 4522 2512 2341 
1 4 2269 4519 4515 207 
1 7 8729 1334 2028 1965 736 1999 207 
1 3 366 2492 2269 
1 6 2269 2034 4523 691 2075 382 
1 2 382 72 
1 2 55 382 
1 2 49 72 
