
state={
	id=199
	name="STATE_199"

	history={
		owner = EGY
		add_core_of = EGY
		buildings = {
			infrastructure = 4

		}

	}

	provinces={
		39 41 81 184 200 238 241 246 311 312 419 768 924 935 963 1039 1077 1091 1093 1149 1185 1377 1461 1549 1557 1760 1830 1845 1863 1885 1895 1938 1956 2052 2100 2120 2148 2280 2425 2431 2498 2566 2568 2589 2626 2681 2706 2721 2790 2849 2879 2910 2919 2932 3057 4641 4650 4654 4661 4664 4665 4676 4677 4679 4690 4694 4695 4706 4707 4719 4723 4724 4725 4731 4737 4739 4748 4751 4752 4753 4755 4758 4759 4760 4762 4764 4769 4770 4771 4772 4774 4775 4777 4778 4780 4781 4784 4785 4787 4788 4789 4791 4792 4795 4796 4797 
	}
	manpower=10
	buildings_max_level_factor=1.000
	state_category=rural
}
