
state={
	id=203
	name="STATE_203"
	provinces={
		62 75 90 106 118 207 366 402 514 657 692 696 725 811 942 1009 1053 1096 1129 1151 1175 1184 1213 1459 1532 1536 1623 1635 1730 1901 1976 1999 2020 2034 2050 2146 2192 2209 2269 2274 2284 2303 2318 2341 2352 2419 2454 2459 2492 2502 2512 2520 2567 2587 2642 2695 2717 2729 2801 2809 2847 2878 2901 2909 2973 3133 4468 4477 4478 4480 4482 4484 4486 4487 4488 4492 4493 4501 4503 4506 4507 4511 4512 4513 4515 4519 4521 4522 4523 4524 4525 4528 4529 4532 4533 4553 4554 4556 4559 4562 4569 4570 4573 4574 4578 4580 4585 4592 4594 4598 4599 4603 4611 4616 4617 4618 4624 4632 
	}

	history = {
		owner = EGY
		add_core_of = EGY
		buildings = {
			infrastructure = 4
		}
	}
	manpower=10
	state_category = rural
	buildings_max_level_factor=1.000
}
