
state={
	id=205
	name="STATE_205"

	history={
		owner = EGY
		add_core_of = EGY
		buildings = {
			infrastructure = 4

		}

	}

	provinces={
		330 348 415 572 582 664 666 682 731 736 998 1254 1275 1283 1334 1500 1612 1685 1723 1788 1921 1934 1965 2012 2028 2031 2133 2206 2377 2416 2495 2513 2515 2653 2827 2906 2981 4385 4388 4393 4395 4401 4412 4417 4418 4420 4421 4424 4427 4429 4430 4431 4433 4434 4435 4439 4440 4444 4445 4446 4447 4449 4453 4455 4456 4457 4462 4463 4471 4472 8796 8797 
	}
	manpower=10
	buildings_max_level_factor=1.000
	state_category=rural
}
